Graph edges: vertice1 vertice2 weight_of_the_edge 
0 1 4
0 2 1
1 2 7
1 3 3
2 5 2
3 4 5
3 5 6
3 6 4
4 7 9
4 8 8
5 6 15
5 10 10
5 11 9
6 7 5
6 12 8
7 8 4
7 15 3
8 9 7
8 13 11
8 14 5
9 27 8
10 11 5
10 18 7
11 15 2
11 23 9
12 13 5
13 16 4
14 25 8
15 16 5
15 21 1
16 25 6
17 18 4
18 19 8
19 20 6
19 22 7
20 25 4
21 24 9
21 25 4
22 23 5
22 24 4
25 27 3
25 37 1
26 27 1
26 28 7
27 28 5
27 29 8
28 33 3
29 30 2
29 38 4
29 39 7
30 31 3
30 35 4
31 32 4
33 34 6
33 39 5
34 35 7
34 36 4
35 36 8
35 40 11
36 42 5
37 43 9
37 44 8
38 41 10
38 43 3
39 40 4
39 41 6
40 42 3
41 42 7
41 44 2
42 45 5
42 48 4
43 44 6
44 46 11
45 46 12
45 47 10
46 47 9
47 48 3
