Graph edges: vertice1 vertice2 weight_of_the_edge 
0 1 4
0 2 1
1 2 7
1 3 3
2 5 4
3 4 5
3 5 6
3 6 4
4 7 9
4 8 8
5 6 7
5 10 12
5 11 3
6 7 5
6 12 11
7 8 9
7 15 3
8 9 8
8 13 12
8 14 7
9 27 6
10 11 4
10 18 6
11 15 2
11 23 3
12 13 5
13 16 4
14 25 8
15 16 3
15 21 1
16 25 5
17 18 4
18 19 4
19 20 8
19 22 7
20 25 2
21 24 8
21 25 4
22 23 5
22 24 6
25 27 3
25 37 2
26 27 1
26 28 7
27 28 5
27 29 6
28 33 3
29 30 2
29 38 4
29 39 7
30 31 2
30 35 8
31 32 4
33 34 3
33 39 5
34 35 7
34 36 4
35 36 8
35 40 3
36 42 5
37 43 9
37 44 8
38 41 9
38 43 3
39 40 4
39 41 6
40 42 3
41 42 7
41 44 2
42 45 5
42 48 3
43 44 6
44 46 8
45 46 12
45 47 11
46 47 9
47 48 8
